All functions have been obtained! All graphs are being parsed:
1 0 29 30
6 7 158 229
1 0 158 229
1 0 552 886
1 0 501 835
1 0 158 229
6 6 552 886
1 0 245 354
1 0 788 1253
1 0 788 1253
1 0 245 354
5 5 38 49
1 0 207 317
17 22 788 1253
1 0 158 229
1 0 264 396
1 0 207 317
1 0 501 835
1 0 552 886
1 0 295 481
10 11 396 602
1 0 552 886
1 0 552 886
4 3 207 317
1 0 552 886
3 3 295 481
1 0 428 737
1 0 501 835
5 5 86 146
1 0 245 354
1 0 245 354
1 0 552 886
1 0 63 80
1 0 175 263
5 5 428 737
6 6 428 737
1 0 264 396
1 0 428 737
15 19 501 835
1 0 396 602
10 9 552 886
1 0 175 263
1 0 207 317
1 0 788 1253
1 0 501 835
1 0 788 1253
1 0 788 1253
1 0 63 80
1 0 264 396
4 4 29 30
3 3 552 886
1 0 129 219
3 2 552 886
1 0 158 229
1 0 428 737
1 0 788 1253
4 3 86 146
1 0 788 1253
1 0 29 30
4 4 207 317
15 19 175 263
1 0 63 80
6 6 23 23
3 2 396 602
1 0 428 737
1 0 207 317
1 0 552 886
3 2 86 146
1 0 501 835
1 0 86 146
1 0 552 886
5 5 295 481
1 0 552 886
1 0 788 1253
1 0 207 317
1 0 396 602
15 15 428 737
1 0 129 219
1 0 129 219
3 2 788 1253
1 0 207 317
1 0 428 737
1 0 788 1253
7 8 129 219
1 0 277 426
1 0 86 146
1 0 501 835
1 0 264 396
5 6 428 737
1 0 501 835
1 0 428 737
1 0 501 835
5 5 86 146
1 0 788 1253
1 0 501 835
4 4 788 1253
1 0 788 1253
3 2 207 317
1 0 396 602
10 13 129 219
1 0 245 354
17 22 295 481
1 0 788 1253
1 0 63 80
1 0 264 396
1 0 207 317
5 5 129 219
15 18 428 737
1 0 295 481
1 0 129 219
5 5 788 1253
3 2 86 146
1 0 264 396
1 0 552 886
1 0 158 229
19 22 158 229
1 0 501 835
1 0 552 886
1 0 29 30
8 9 396 602
1 0 501 835
1 0 207 317
1 0 295 481
22 28 264 396
1 0 428 737
1 0 86 146
1 0 17 15
1 0 501 835
1 0 428 737
1 0 552 886
3 2 86 146
1 0 428 737
1 0 207 317
3 2 207 317
1 0 501 835
15 19 788 1253
5 5 295 481
10 13 396 602
7 8 428 737
8 9 23 23
5 5 295 481
16 18 264 396
1 0 501 835
1 0 207 317
1 0 295 481
1 0 428 737
1 0 396 602
1 0 264 396
20 34 245 354
1 0 207 317
1 0 788 1253
5 6 175 263
1 0 129 219
3 2 501 835
1 0 264 396
1 0 552 886
1 0 396 602
1 0 788 1253
3 2 129 219
1 0 295 481
1 0 158 229
1 0 264 396
3 2 552 886
4 4 175 263
1 0 207 317
1 0 788 1253
15 18 428 737
3 2 552 886
10 9 207 317
1 0 788 1253
3 2 207 317
1 0 264 396
1 0 788 1253
1 0 245 354
1 0 396 602
1 0 295 481
1 0 158 229
1 0 788 1253
1 0 788 1253
1 0 129 219
1 0 295 481
1 0 552 886
1 0 788 1253
1 0 788 1253
1 0 501 835
1 0 501 835
1 0 396 602
1 0 788 1253
4 4 501 835
1 0 552 886
1 0 552 886
1 0 788 1253
1 0 501 835
1 0 501 835
1 0 86 146
1 0 264 396
1 0 264 396
1 0 788 1253
3 2 396 602
1 0 29 30
1 0 552 886
17 20 788 1253
1 0 207 317
5 5 295 481
5 5 428 737
5 5 788 1253
1 0 788 1253
1 0 788 1253
1 0 501 835
1 0 501 835
1 0 63 80
16 24 428 737
7 8 11 8
1 0 552 886
1 0 552 886
5 5 295 481
1 0 552 886
6 6 501 835
1 0 788 1253
1 0 207 317
1 0 788 1253
1 0 428 737
3 2 428 737
6 6 295 481
1 0 207 317
1 0 277 426
1 0 788 1253
13 18 207 317
4 3 552 886
5 6 264 396
5 5 552 886
3 2 552 886
3 3 396 602
22 31 295 481
1 0 175 263
1 0 788 1253
1 0 295 481
1 0 501 835
1 0 501 835
1 0 264 396
1 0 295 481
1 0 158 229
1 0 245 354
1 0 396 602
1 0 788 1253
1 0 295 481
1 0 501 835
1 0 207 317
1 0 788 1253
1 0 552 886
19 25 552 886
1 0 788 1253
1 0 501 835
5 5 86 146
1 0 129 219
1 0 176 218
4 3 396 602
1 0 501 835
1 0 264 396
1 0 396 602
1 0 552 886
1 0 264 396
1 0 264 396
1 0 396 602
1 0 552 886
1 0 396 602
1 0 245 354
10 9 788 1253
8 9 396 602
1 0 552 886
1 0 7 6
4 4 552 886
1 0 788 1253
1 0 428 737
5 6 264 396
4 5 158 229
3 3 295 481
1 0 501 835
3 2 552 886
1 0 295 481
4 4 207 317
1 0 788 1253
1 0 396 602
1 0 264 396
1 0 428 737
1 0 207 317
10 13 396 602
1 0 264 396
1 0 396 602
5 5 245 354
1 0 64 76
1 0 788 1253
7 8 428 737
1 0 552 886
1 0 396 602
1 0 501 835
9 10 428 737
10 11 428 737
1 0 552 886
1 0 264 396
1 0 788 1253
1 0 245 354
1 0 552 886
1 0 788 1253
1 0 175 263
1 0 788 1253
1 0 552 886
1 0 501 835
4 3 63 80
1 0 428 737
1 0 17 15
1 0 428 737
1 0 552 886
1 0 552 886
1 0 428 737
1 0 264 396
1 0 428 737
1 0 207 317
1 0 788 1253
1 0 788 1253
1 0 501 835
3 3 245 354
1 0 38 49
1 0 175 263
1 0 63 80
1 0 26 27
1 0 245 354
1 0 428 737
3 2 552 886
1 0 207 317
1 0 501 835
1 0 788 1253
3 2 295 481
1 0 245 354
1 0 396 602
3 2 788 1253
8 9 129 219
5 5 788 1253
3 2 264 396
1 0 264 396
1 0 158 229
3 2 264 396
1 0 158 229
1 0 396 602
1 0 501 835
1 0 788 1253
1 0 86 146
1 0 176 218
1 0 788 1253
1 0 86 146
1 0 396 602
1 0 552 886
1 0 788 1253
1 0 175 263
1 0 428 737
1 0 396 602
1 0 207 317
1 0 207 317
15 15 552 886
1 0 428 737
1 0 129 219
1 0 501 835
1 0 396 602
1 0 264 396
1 0 552 886
1 0 552 886
1 0 245 354
1 0 552 886
8 9 23 23
1 0 428 737
1 0 245 354
1 0 788 1253
3 2 501 835
1 0 264 396
1 0 295 481
4 3 396 602
8 9 396 602
1 0 264 396
8 9 129 219
5 5 86 146
6 8 245 354
1 0 428 737
3 2 788 1253
1 0 501 835
1 0 158 229
1 0 158 229
1 0 396 602
1 0 396 602
81 122 788 1253
1 0 428 737
1 0 501 835
1 0 158 229
33 51 207 317
5 5 207 317
1 0 207 317
1 0 207 317
15 19 501 835
1 0 158 229
1 0 788 1253
1 0 129 219
1 0 788 1253
1 0 501 835
1 0 207 317
16 23 295 481
5 5 428 737
1 0 552 886
1 0 207 317
1 0 788 1253
1 0 396 602
1 0 396 602
7 8 264 396
6 6 396 602
1 0 552 886
10 9 428 737
1 0 396 602
15 15 788 1253
1 0 501 835
1 0 396 602
1 0 552 886
1 0 295 481
1 0 552 886
1 0 428 737
1 0 501 835
1 0 129 219
1 0 23 23
1 0 86 146
1 0 264 396
1 0 788 1253
1 0 264 396
1 0 552 886
1 0 295 481
10 13 295 481
1 0 295 481
1 0 552 886
1 0 86 146
1 0 207 317
1 0 788 1253
5 5 295 481
1 0 501 835
1 0 245 354
5 5 428 737
15 18 428 737
1 0 264 396
1 0 428 737
4 4 788 1253
5 5 86 146
1 0 552 886
1 0 264 396
3 2 788 1253
5 5 396 602
3 2 788 1253
1 0 552 886
1 0 295 481
1 0 428 737
1 0 552 886
1 0 501 835
1 0 158 229
1 0 788 1253
3 2 396 602
1 0 552 886
3 2 129 219
1 0 264 396
1 0 207 317
5 5 295 481
1 0 295 481
4 4 428 737
15 21 38 49
1 0 501 835
15 19 428 737
8 9 396 602
1 0 501 835
1 0 788 1253
9 11 396 602
1 0 295 481
1 0 552 886
3 3 428 737
1 0 428 737
5 5 788 1253
1 0 788 1253
1 0 245 354
1 0 501 835
1 0 428 737
1 0 207 317
1 0 396 602
6 6 788 1253
1 0 264 396
1 0 788 1253
1 0 207 317
1 0 207 317
1 0 552 886
1 0 245 354
1 0 86 146
1 0 245 354
3 3 788 1253
1 0 428 737
1 0 158 229
1 0 207 317
1 0 264 396
1 0 428 737
3 2 396 602
3 2 245 354
1 0 7 4
1 0 552 886
1 0 552 886
1 0 295 481
4 3 788 1253
1 0 501 835
1 0 264 396
1 0 428 737
1 0 86 146
1 0 29 30
1 0 158 229
1 0 86 146
3 2 396 602
1 0 264 396
1 0 396 602
1 0 428 737
1 0 788 1253
1 0 7 4
1 0 788 1253
3 2 788 1253
9 11 176 218
1 0 501 835
1 0 245 354
1 0 63 80
1 0 788 1253
1 0 175 263
1 0 788 1253
1 0 552 886
1 0 245 354
1 0 396 602
1 0 788 1253
3 2 788 1253
1 0 158 229
1 0 63 80
1 0 207 317
5 5 176 218
5 6 501 835
1 0 501 835
1 0 129 219
3 2 129 219
1 0 264 396
1 0 552 886
1 0 552 886
1 0 29 30
1 0 428 737
1 0 158 229
1 0 552 886
17 22 295 481
1 0 207 317
17 22 788 1253
1 0 552 886
1 0 788 1253
1 0 552 886
1 0 207 317
7 8 788 1253
1 0 176 218
1 0 501 835
1 0 501 835
1 0 552 886
1 0 501 835
1 0 788 1253
1 0 396 602
1 0 788 1253
1 0 552 886
1 0 552 886
1 0 501 835
1 0 552 886
1 0 788 1253
6 6 207 317
3 2 552 886
1 0 264 396
1 0 295 481
1 0 264 396
1 0 245 354
3 2 295 481
1 0 788 1253
1 0 501 835
15 19 158 229
6 6 552 886
5 6 552 886
1 0 207 317
1 0 295 481
1 0 264 396
3 3 207 317
1 0 295 481
15 19 788 1253
1 0 552 886
5 5 428 737
1 0 264 396
19 23 295 481
1 0 788 1253
10 13 129 219
1 0 158 229
1 0 245 354
30 42 501 835
1 0 788 1253
1 0 552 886
1 0 129 219
1 0 129 219
15 15 396 602
1 0 501 835
1 0 158 229
1 0 428 737
6 6 264 396
1 0 295 481
1 0 207 317
1 0 245 354
1 0 501 835
1 0 428 737
1 0 428 737
3 2 396 602
3 2 207 317
5 5 295 481
1 0 552 886
1 0 552 886
1 0 245 354
4 4 788 1253
1 0 501 835
7 8 295 481
1 0 428 737
19 22 245 354
1 0 264 396
5 5 788 1253
1 0 788 1253
1 0 428 737
1 0 501 835
15 18 129 219
5 5 86 146
6 6 788 1253
1 0 175 263
1 0 175 263
1 0 158 229
17 22 788 1253
1 0 428 737
1 0 552 886
1 0 63 80
4 3 788 1253
1 0 501 835
3 2 264 396
5 5 501 835
1 0 428 737
1 0 264 396
10 13 396 602
1 0 788 1253
4 4 63 80
1 0 428 737
1 0 428 737
1 0 788 1253
17 24 396 602
1 0 207 317
1 0 207 317
1 0 501 835
3 2 428 737
1 0 158 229
1 0 158 229
5 5 295 481
9 11 396 602
1 0 396 602
1 0 295 481
1 0 552 886
1 0 788 1253
1 0 396 602
1 0 501 835
1 0 90 96
3 3 277 426
1 0 207 317
4 4 552 886
3 2 158 229
1 0 501 835
1 0 788 1253
1 0 552 886
1 0 788 1253
10 11 396 602
1 0 264 396
10 9 552 886
1 0 396 602
1 0 428 737
1 0 207 317
17 26 788 1253
1 0 207 317
1 0 788 1253
1 0 264 396
5 5 552 886
1 0 552 886
15 18 428 737
9 11 295 481
1 0 428 737
1 0 501 835
1 0 264 396
1 0 396 602
1 0 788 1253
1 0 245 354
1 0 264 396
1 0 788 1253
1 0 552 886
1 0 788 1253
1 0 264 396
1 0 428 737
1 0 428 737
1 0 501 835
4 3 295 481
1 0 788 1253
1 0 428 737
1 0 158 229
1 0 552 886
1 0 396 602
1 0 788 1253
17 20 552 886
3 2 396 602
1 0 501 835
1 0 428 737
1 0 552 886
6 7 176 218
1 0 788 1253
1 0 396 602
3 3 245 354
1 0 788 1253
1 0 158 229
1 0 428 737
3 2 552 886
1 0 207 317
3 2 552 886
1 0 175 263
1 0 129 219
3 3 552 886
1 0 245 354
1 0 158 229
1 0 788 1253
1 0 207 317
1 0 207 317
1 0 552 886
1 0 552 886
3 2 207 317
1 0 788 1253
1 0 428 737
1 0 428 737
1 0 501 835
1 0 428 737
1 0 501 835
3 2 501 835
17 23 428 737
4 4 788 1253
1 0 396 602
1 0 788 1253
1 0 428 737
1 0 788 1253
4 4 788 1253
4 4 207 317
1 0 552 886
1 0 86 146
1 0 552 886
1 0 207 317
1 0 788 1253
1 0 501 835
1 0 176 218
1 0 295 481
10 9 552 886
1 0 501 835
1 0 501 835
1 0 207 317
1 0 158 229
1 0 788 1253
1 0 501 835
3 3 788 1253
1 0 63 80
4 3 207 317
1 0 245 354
1 0 428 737
1 0 552 886
1 0 428 737
1 0 207 317
4 4 501 835
1 0 295 481
1 0 175 263
1 0 788 1253
15 16 264 396
1 0 788 1253
1 0 428 737
1 0 788 1253
1 0 501 835
3 2 501 835
1 0 788 1253
1 0 264 396
1 0 552 886
1 0 396 602
1 0 264 396
1 0 428 737
1 0 501 835
1 0 788 1253
3 3 29 30
1 0 245 354
1 0 428 737
1 0 788 1253
1 0 207 317
1 0 788 1253
10 13 86 146
1 0 501 835
1 0 788 1253
1 0 552 886
4 3 295 481
23 33 501 835
1 0 295 481
1 0 396 602
1 0 29 30
1 0 86 146
5 5 428 737
1 0 788 1253
1 0 264 396
1 0 501 835
11 11 396 602
1 0 129 219
9 11 176 218
1 0 428 737
20 25 396 602
1 0 788 1253
1 0 788 1253
3 2 788 1253
27 36 428 737
6 6 788 1253
1 0 158 229
1 0 245 354
1 0 788 1253
9 10 17 15
1 0 428 737
1 0 788 1253
3 2 501 835
3 2 501 835
1 0 428 737
1 0 245 354
1 0 428 737
3 3 175 263
6 6 788 1253
1 0 552 886
1 0 295 481
1 0 552 886
1 0 175 263
1 0 295 481
1 0 245 354
1 0 788 1253
3 2 129 219
1 0 158 229
1 0 207 317
1 0 295 481
1 0 27 26
1 0 207 317
1 0 552 886
1 0 501 835
1 0 788 1253
1 0 295 481
1 0 552 886
1 0 264 396
1 0 428 737
1 0 788 1253
1 0 175 263
1 0 501 835
1 0 501 835
1 0 428 737
5 5 245 354
1 0 552 886
1 0 295 481
1 0 788 1253
1 0 129 219
6 7 207 317
1 0 501 835
1 0 207 317
1 0 396 602
9 10 428 737
7 8 501 835
1 0 428 737
1 0 396 602
1 0 396 602
3 2 175 263
1 0 552 886
1 0 552 886
1 0 788 1253
1 0 264 396
1 0 86 146
1 0 295 481
1 0 175 263
1 0 207 317
12 15 27 26
1 0 6 5
5 6 29 30
17 22 86 146
1 0 788 1253
15 15 552 886
1 0 501 835
1 0 175 263
1 0 552 886
1 0 207 317
1 0 207 317
1 0 501 835
1 0 63 80
1 0 788 1253
3 2 295 481
1 0 245 354
1 0 63 80
1 0 552 886
1 0 552 886
6 6 788 1253
1 0 176 218
1 0 552 886
10 9 264 396
1 0 264 396
43 62 788 1253
3 2 428 737
5 5 11 8
1 0 428 737
5 6 552 886
4 3 552 886
1 0 21 22
9 10 428 737
1 0 552 886
1 0 788 1253
1 0 501 835
9 10 396 602
1 0 264 396
4 4 552 886
1 0 428 737
4 3 552 886
1 0 788 1253
1 0 129 219
1 0 396 602
1 0 788 1253
1 0 788 1253
9 10 176 218
1 0 552 886
1 0 788 1253
1 0 264 396
4 4 552 886
20 27 129 219
1 0 129 219
1 0 21 22
1 0 552 886
1 0 428 737
10 13 86 146
1 0 788 1253
1 0 295 481
1 0 245 354
5 5 264 396
1 0 396 602
1 0 501 835
4 4 501 835
17 22 788 1253
7 7 788 1253
3 2 552 886
1 0 158 229
1 0 501 835
1 0 295 481
9 11 396 602
1 0 175 263
1 0 552 886
1 0 552 886
1 0 428 737
3 2 501 835
1 0 788 1253
1 0 788 1253
1 0 788 1253
1 0 158 229
1 0 396 602
1 0 552 886
1 0 264 396
1 0 264 396
1 0 264 396
1 0 552 886
1 0 552 886
1 0 158 229
1 0 207 317
1 0 501 835
1 0 396 602
1 0 245 354
1 0 158 229
3 2 396 602
1 0 129 219
1 0 501 835
3 2 129 219
7 8 501 835
1 0 63 80
1 0 788 1253
1 0 158 229
1 0 396 602
1 0 788 1253
1 0 295 481
1 0 264 396
1 0 788 1253
1 0 428 737
1 0 129 219
1 0 552 886
4 4 129 219
4 4 552 886
1 0 396 602
1 0 264 396
1 0 788 1253
1 0 396 602
1 0 175 263
1 0 158 229
1 0 428 737
4 4 207 317
1 0 501 835
1 0 207 317
1 0 264 396
1 0 552 886
7 8 396 602
1 0 788 1253
3 2 396 602
1 0 552 886
5 5 501 835
1 0 552 886
1 0 207 317
7 8 207 317
1 0 788 1253
1 0 501 835
22 27 788 1253
4 5 552 886
6 6 86 146
1 0 788 1253
1 0 552 886
1 0 175 263
1 0 175 263
1 0 264 396
3 2 175 263
1 0 245 354
1 0 129 219
1 0 207 317
1 0 428 737
1 0 245 354
1 0 129 219
1 0 264 396
1 0 264 396
3 2 129 219
1 0 788 1253
1 0 552 886
1 0 396 602
3 2 264 396
1 0 428 737
1 0 396 602
1 0 158 229
1 0 788 1253
8 10 31 31
1 0 428 737
4 3 396 602
1 0 175 263
1 0 264 396
1 0 396 602
1 0 788 1253
1 0 396 602
1 0 86 146
1 0 552 886
1 0 788 1253
4 4 264 396
1 0 501 835
1 0 295 481
1 0 158 229
1 0 295 481
3 3 129 219
3 2 207 317
1 0 264 396
1 0 264 396
4 3 788 1253
1 0 552 886
17 22 129 219
1 0 501 835
1 0 788 1253
3 2 207 317
3 2 245 354
38 53 428 737
1 0 552 886
1 0 129 219
1 0 86 146
1 0 7 6
1 0 428 737
1 0 552 886
1 0 129 219
3 2 207 317
1 0 396 602
1 0 552 886
1 0 552 886
1 0 207 317
1 0 788 1253
1 0 552 886
3 2 501 835
4 4 501 835
1 0 428 737
1 0 428 737
1 0 501 835
1 0 207 317
1 0 207 317
1 0 158 229
1 0 501 835
1 0 552 886
3 2 207 317
1 0 552 886
1 0 175 263
1 0 396 602
4 4 428 737
1 0 27 26
9 11 396 602
1 0 501 835
1 0 788 1253
1 0 788 1253
1 0 501 835
1 0 264 396
1 0 788 1253
1 0 428 737
7 8 158 229
1 0 129 219
5 5 788 1253
1 0 428 737
1 0 788 1253
15 19 264 396
1 0 129 219
1 0 788 1253
1 0 129 219
1 0 264 396
1 0 295 481
1 0 64 76
1 0 245 354
17 22 295 481
10 13 295 481
1 0 501 835
1 0 295 481
1 0 428 737
1 0 788 1253
1 0 552 886
4 4 788 1253
1 0 295 481
1 0 552 886
1 0 175 263
1 0 788 1253
1 0 175 263
1 0 295 481
1 0 552 886
6 7 264 396
1 0 788 1253
1 0 264 396
1 0 396 602
1 0 501 835
5 5 129 219
3 2 396 602
1 0 295 481
1 0 552 886
3 2 207 317
1 0 27 26
1 0 788 1253
1 0 207 317
1 0 158 229
1 0 552 886
1 0 396 602
1 0 428 737
1 0 428 737
1 0 396 602
1 0 295 481
5 5 788 1253
5 5 295 481
1 0 207 317
1 0 175 263
1 0 501 835
1 0 175 263
7 8 552 886
1 0 788 1253
1 0 129 219
1 0 428 737
1 0 245 354
1 0 63 80
1 0 63 80
1 0 788 1253
1 0 245 354
1 0 552 886
1 0 501 835
1 0 501 835
1 0 552 886
1 0 788 1253
1 0 207 317
1 0 501 835
1 0 64 76
1 0 788 1253
1 0 207 317
1 0 264 396
1 0 788 1253
1 0 428 737
1 0 176 218
1 0 501 835
1 0 788 1253
1 0 552 886
1 0 245 354
1 0 295 481
1 0 396 602
5 5 129 219
1 0 552 886
1 0 501 835
5 5 295 481
1 0 207 317
1 0 552 886
3 2 428 737
1 0 552 886
1 0 788 1253
1 0 207 317
1 0 264 396
1 0 788 1253
5 6 264 396
1 0 264 396
1 0 552 886
6 6 788 1253
21 27 207 317
3 3 552 886
17 22 295 481
1 0 158 229
4 4 245 354
4 5 428 737
1 0 501 835
1 0 552 886
1 0 277 426
1 0 788 1253
1 0 264 396
5 5 295 481
1 0 501 835
1 0 207 317
1 0 428 737
4 3 428 737
6 6 788 1253
1 0 207 317
1 0 295 481
1 0 63 80
15 18 428 737
1 0 788 1253
1 0 428 737
12 15 86 146
1 0 207 317
1 0 295 481
1 0 245 354
1 0 86 146
11 11 396 602
1 0 428 737
1 0 501 835
3 2 396 602
1 0 552 886
1 0 428 737
1 0 428 737
1 0 86 146
1 0 264 396
1 0 788 1253
1 0 428 737
6 6 295 481
1 0 176 218
6 6 788 1253
9 10 86 146
1 0 264 396
1 0 501 835
5 5 86 146
1 0 295 481
1 0 175 263
1 0 428 737
1 0 264 396
3 2 428 737
1 0 264 396
1 0 552 886
1 0 129 219
3 2 264 396
1 0 428 737
1 0 788 1253
1 0 207 317
1 0 396 602
1 0 129 219
1 0 552 886
1 0 175 263
1 0 396 602
1 0 552 886
1 0 175 263
1 0 23 23
1 0 552 886
1 0 428 737
1 0 63 80
1 0 264 396
15 15 207 317
1 0 501 835
1 0 175 263
1 0 552 886
1 0 264 396
1 0 396 602
1 0 86 146
1 0 788 1253
8 9 396 602
1 0 245 354
1 0 552 886
1 0 501 835
1 0 428 737
1 0 295 481
1 0 158 229
1 0 207 317
1 0 264 396
9 10 29 30
1 0 501 835
3 2 552 886
1 0 552 886
1 0 175 263
1 0 264 396
1 0 207 317
8 10 21 22
1 0 428 737
1 0 501 835
1 0 428 737
1 0 428 737
1 0 207 317
3 3 21 22
1 0 788 1253
1 0 552 886
1 0 552 886
32 45 86 146
1 0 17 15
1 0 295 481
1 0 295 481
1 0 245 354
1 0 207 317
1 0 295 481
1 0 788 1253
1 0 17 15
17 20 428 737
5 5 295 481
1 0 501 835
1 0 158 229
1 0 264 396
8 9 396 602
1 0 552 886
1 0 264 396
1 0 295 481
1 0 396 602
1 0 207 317
1 0 552 886
1 0 552 886
1 0 501 835
1 0 129 219
3 2 175 263
1 0 264 396
1 0 129 219
5 5 295 481
1 0 552 886
1 0 207 317
1 0 788 1253
3 2 788 1253
1 0 788 1253
1 0 552 886
1 0 264 396
1 0 788 1253
1 0 552 886
1 0 175 263
1 0 264 396
1 0 501 835
3 2 264 396
1 0 86 146
1 0 788 1253
1 0 501 835
6 6 788 1253
1 0 428 737
1 0 158 229
19 22 207 317
4 3 129 219
17 23 295 481
1 0 501 835
1 0 428 737
3 3 428 737
1 0 788 1253
1 0 428 737
1 0 428 737
1 0 129 219
1 0 38 49
1 0 428 737
1 0 552 886
1 0 175 263
1 0 552 886
1 0 207 317
9 10 428 737
1 0 428 737
1 0 788 1253
17 22 295 481
1 0 788 1253
1 0 264 396
1 0 175 263
1 0 788 1253
1 0 129 219
3 2 175 263
1 0 788 1253
10 9 501 835
1 0 788 1253
1 0 264 396
17 22 129 219
1 0 264 396
1 0 552 886
1 0 552 886
23 33 501 835
1 0 428 737
9 10 295 481
1 0 86 146
1 0 396 602
20 25 552 886
1 0 501 835
1 0 552 886
1 0 788 1253
1 0 129 219
1 0 552 886
1 0 86 146
1 0 501 835
1 0 295 481
1 0 552 886
1 0 552 886
1 0 501 835
1 0 788 1253
5 5 428 737
3 2 788 1253
1 0 264 396
1 0 264 396
1 0 428 737
1 0 264 396
1 0 501 835
3 2 86 146
1 0 264 396
1 0 129 219
1 0 86 146
1 0 396 602
1 0 396 602
7 8 207 317
1 0 428 737
1 0 86 146
1 0 501 835
1 0 207 317
1 0 295 481
1 0 428 737
1 0 552 886
4 5 264 396
1 0 501 835
1 0 158 229
1 0 63 80
1 0 295 481
1 0 129 219
1 0 788 1253
1 0 295 481
1 0 264 396
5 5 788 1253
4 3 552 886
1 0 396 602
4 4 788 1253
1 0 207 317
1 0 396 602
1 0 552 886
1 0 175 263
29 42 129 219
1 0 788 1253
1 0 552 886
1 0 176 218
1 0 63 80
3 2 295 481
1 0 552 886
6 6 86 146
1 0 552 886
1 0 207 317
4 3 396 602
4 5 501 835
1 0 396 602
3 2 501 835
1 0 501 835
1 0 207 317
3 2 396 602
5 5 295 481
1 0 264 396
1 0 552 886
1 0 501 835
5 5 245 354
1 0 428 737
6 7 176 218
1 0 27 26
7 8 428 737
1 0 63 80
1 0 129 219
1 0 552 886
1 0 63 80
4 3 788 1253
5 5 428 737
20 25 396 602
1 0 207 317
1 0 207 317
5 5 788 1253
1 0 788 1253
1 0 264 396
1 0 264 396
3 2 264 396
9 12 788 1253
1 0 295 481
1 0 501 835
1 0 207 317
1 0 295 481
4 3 396 602
1 0 428 737
3 2 158 229
13 16 264 396
1 0 176 218
1 0 788 1253
4 4 264 396
1 0 264 396
1 0 501 835
1 0 207 317
4 4 207 317
1 0 552 886
4 4 295 481
1 0 552 886
1 0 158 229
1 0 396 602
1 0 552 886
1 0 788 1253
1 0 428 737
1 0 264 396
1 0 788 1253
7 8 264 396
1 0 264 396
1 0 396 602
5 5 295 481
1 0 501 835
1 0 552 886
1 0 788 1253
1 0 788 1253
1 0 207 317
4 3 428 737
1 0 788 1253
8 9 428 737
1 0 552 886
1 0 552 886
1 0 501 835
14 14 552 886
3 2 552 886
1 0 245 354
1 0 552 886
1 0 788 1253
1 0 63 80
4 5 501 835
1 0 264 396
5 5 788 1253
1 0 552 886
1 0 501 835
7 8 501 835
1 0 501 835
1 0 295 481
1 0 552 886
9 10 86 146
1 0 63 80
1 0 175 263
1 0 788 1253
1 0 501 835
19 24 86 146
1 0 176 218
4 4 501 835
1 0 175 263
1 0 158 229
1 0 207 317
1 0 552 886
1 0 27 26
1 0 396 602
1 0 175 263
1 0 207 317
5 5 428 737
1 0 129 219
5 5 788 1253
1 0 158 229
1 0 552 886
1 0 17 15
3 2 129 219
5 5 428 737
1 0 788 1253
15 17 501 835
6 7 245 354
1 0 552 886
1 0 264 396
1 0 295 481
1 0 788 1253
11 11 788 1253
1 0 501 835
1 0 264 396
5 5 788 1253
9 10 26 27
5 6 501 835
1 0 428 737
3 2 264 396
1 0 175 263
5 5 245 354
1 0 501 835
5 5 295 481
1 0 788 1253
1 0 552 886
4 4 501 835
4 3 396 602
1 0 245 354
1 0 428 737
1 0 129 219
87 127 428 737
1 0 295 481
7 7 277 426
1 0 175 263
3 2 295 481
1 0 552 886
1 0 245 354
10 13 396 602
1 0 428 737
1 0 158 229
1 0 295 481
1 0 788 1253
1 0 264 396
1 0 428 737
1 0 552 886
1 0 552 886
1 0 187 250
3 2 501 835
1 0 295 481
1 0 501 835
1 0 501 835
1 0 175 263
1 0 428 737
1 0 175 263
3 2 428 737
4 5 175 263
6 6 552 886
3 2 295 481
3 2 63 80
3 2 295 481
1 0 428 737
1 0 23 23
1 0 428 737
1 0 396 602
1 0 295 481
1 0 501 835
1 0 264 396
1 0 277 426
19 23 396 602
1 0 788 1253
1 0 501 835
1 0 788 1253
1 0 552 886
1 0 396 602
1 0 501 835
1 0 207 317
1 0 428 737
1 0 207 317
1 0 788 1253
1 0 501 835
1 0 245 354
1 0 264 396
1 0 295 481
1 0 129 219
1 0 501 835
1 0 129 219
4 5 428 737
14 14 207 317
1 0 158 229
1 0 396 602
1 0 552 886
1 0 788 1253
1 0 501 835
5 5 428 737
1 0 129 219
5 5 788 1253
10 13 86 146
5 5 264 396
23 33 264 396
1 0 552 886
1 0 245 354
1 0 788 1253
3 2 428 737
10 9 501 835
1 0 295 481
23 33 428 737
15 19 552 886
1 0 295 481
8 9 396 602
1 0 396 602
1 0 29 30
1 0 207 317
3 2 158 229
1 0 207 317
1 0 86 146
1 0 158 229
3 2 552 886
5 5 207 317
1 0 175 263
4 4 552 886
1 0 29 30
1 0 552 886
1 0 207 317
1 0 207 317
1 0 207 317
1 0 207 317
1 0 264 396
1 0 501 835
1 0 295 481
3 2 788 1253
1 0 788 1253
1 0 295 481
1 0 788 1253
4 4 245 354
1 0 501 835
1 0 501 835
1 0 295 481
1 0 38 49
1 0 245 354
1 0 428 737
1 0 788 1253
5 5 245 354
3 2 501 835
1 0 428 737
1 0 264 396
8 9 129 219
4 4 501 835
5 5 428 737
7 8 27 26
6 6 396 602
1 0 552 886
1 0 501 835
1 0 158 229
5 5 428 737
1 0 788 1253
1 0 501 835
1 0 207 317
1 0 264 396
7 8 552 886
1 0 788 1253
15 19 552 886
1 0 295 481
1 0 245 354
17 23 295 481
1 0 207 317
1 0 788 1253
1 0 295 481
1 0 552 886
1 0 245 354
5 5 295 481
1 0 428 737
1 0 175 263
3 2 129 219
1 0 245 354
1 0 428 737
1 0 501 835
1 0 86 146
9 11 21 22
1 0 788 1253
3 2 207 317
1 0 428 737
4 4 207 317
1 0 552 886
3 3 63 80
1 0 428 737
1 0 501 835
1 0 295 481
17 22 86 146
3 2 501 835
1 0 396 602
1 0 396 602
4 4 175 263
1 0 396 602
1 0 175 263
8 9 86 146
1 0 245 354
1 0 788 1253
1 0 501 835
1 0 264 396
1 0 788 1253
3 2 396 602
1 0 428 737
1 0 207 317
1 0 175 263
5 5 86 146
5 5 788 1253
1 0 788 1253
1 0 396 602
1 0 788 1253
1 0 788 1253
1 0 788 1253
1 0 207 317
1 0 552 886
1 0 158 229
1 0 295 481
1 0 264 396
1 0 396 602
3 2 264 396
1 0 175 263
1 0 501 835
24 35 501 835
1 0 86 146
1 0 788 1253
1 0 27 26
5 5 788 1253
1 0 207 317
1 0 552 886
1 0 552 886
1 0 428 737
1 0 207 317
4 4 552 886
1 0 175 263
3 2 245 354
10 11 396 602
1 0 788 1253
4 4 264 396
1 0 552 886
1 0 207 317
1 0 158 229
1 0 245 354
1 0 428 737
1 0 264 396
23 35 501 835
1 0 428 737
7 8 501 835
1 0 788 1253
5 5 428 737
1 0 428 737
1 0 501 835
1 0 175 263
6 6 788 1253
1 0 501 835
16 22 86 146
1 0 788 1253
5 5 86 146
1 0 295 481
1 0 428 737
3 3 207 317
1 0 788 1253
4 3 552 886
5 5 501 835
3 2 552 886
1 0 264 396
1 0 158 229
1 0 86 146
7 8 788 1253
1 0 396 602
1 0 552 886
1 0 207 317
1 0 176 218
1 0 501 835
3 3 176 218
3 2 428 737
11 11 552 886
3 3 63 80
1 0 552 886
1 0 428 737
1 0 158 229
1 0 264 396
5 5 788 1253
1 0 428 737
1 0 245 354
3 3 501 835
1 0 11 8
1 0 245 354
1 0 264 396
6 6 788 1253
1 0 396 602
10 13 396 602
1 0 29 30
1 0 27 26
1 0 428 737
1 0 552 886
1 0 245 354
1 0 552 886
1 0 86 146
1 0 428 737
1 0 207 317
4 5 788 1253
6 6 295 481
1 0 788 1253
1 0 428 737
1 0 552 886
4 4 207 317
5 5 428 737
1 0 295 481
1 0 788 1253
1 0 86 146
1 0 245 354
1 0 7 6
1 0 552 886
1 0 788 1253
1 0 788 1253
1 0 207 317
1 0 552 886
1 0 31 31
9 10 86 146
1 0 396 602
1 0 788 1253
3 2 158 229
1 0 175 263
1 0 788 1253
1 0 788 1253
1 0 264 396
12 15 38 49
1 0 207 317
1 0 63 80
1 0 501 835
1 0 86 146
221 300 264 396
1 0 552 886
5 5 428 737
1 0 552 886
1 0 501 835
1 0 428 737
1 0 396 602
1 0 264 396
1 0 64 76
1 0 175 263
1 0 788 1253
1 0 264 396
1 0 788 1253
1 0 552 886
1 0 552 886
4 4 552 886
7 8 21 22
1 0 428 737
1 0 295 481
1 0 396 602
4 5 788 1253
4 4 207 317
1 0 396 602
1 0 552 886
6 6 295 481
1 0 175 263
1 0 428 737
1 0 396 602
9 10 63 80
5 5 295 481
1 0 295 481
1 0 788 1253
97 130 175 263
1 0 501 835
1 0 295 481
1 0 158 229
1 0 552 886
1 0 501 835
1 0 501 835
1 0 264 396
1 0 552 886
1 0 26 27
1 0 428 737
5 5 264 396
1 0 175 263
5 5 295 481
1 0 295 481
1 0 264 396
1 0 295 481
3 2 428 737
9 10 129 219
1 0 552 886
1 0 295 481
1 0 501 835
1 0 264 396
3 2 501 835
1 0 788 1253
22 30 38 49
1 0 552 886
1 0 788 1253
1 0 129 219
16 21 86 146
3 2 552 886
1 0 428 737
3 2 207 317
1 0 552 886
1 0 501 835
1 0 175 263
1 0 396 602
1 0 501 835
1 0 264 396
1 0 501 835
1 0 396 602
1 0 501 835
5 5 295 481
1 0 552 886
1 0 788 1253
45 72 428 737
1 0 63 80
3 2 264 396
1 0 552 886
111 171 428 737
1 0 245 354
1 0 788 1253
10 13 295 481
1 0 207 317
17 22 295 481
1 0 207 317
1 0 788 1253
1 0 552 886
3 2 63 80
8 9 264 396
1 0 29 30
1 0 501 835
4 4 129 219
10 11 501 835
32 42 295 481
1 0 501 835
3 2 396 602
1 0 552 886
1 0 501 835
4 5 428 737
1 0 501 835
1 0 176 218
1 0 788 1253
3 2 788 1253
4 4 31 31
1 0 86 146
6 6 86 146
1 0 552 886
1 0 158 229
1 0 175 263
1 0 788 1253
1 0 264 396
1 0 396 602
1 0 129 219
1 0 38 49
1 0 295 481
1 0 175 263
5 5 295 481
1 0 129 219
1 0 501 835
1 0 158 229
7 8 788 1253
6 6 788 1253
1 0 396 602
1 0 788 1253
1 0 788 1253
1 0 501 835
1 0 501 835
1 0 501 835
1 0 788 1253
1 0 501 835
3 2 207 317
5 5 7 6
1 0 552 886
1 0 428 737
3 2 552 886
3 2 428 737
1 0 428 737
1 0 207 317
3 2 63 80
1 0 207 317
1 0 396 602
1 0 129 219
1 0 264 396
1 0 552 886
1 0 788 1253
1 0 501 835
1 0 207 317
1 0 428 737
16 21 38 49
3 2 63 80
1 0 264 396
1 0 264 396
1 0 27 26
1 0 207 317
1 0 175 263
1 0 552 886
1 0 428 737
1 0 501 835
1 0 788 1253
1 0 245 354
1 0 86 146
1 0 501 835
1 0 86 146
1 0 64 76
1 0 552 886
1 0 552 886
1 0 428 737
1 0 501 835
1 0 788 1253
1 0 428 737
1 0 501 835
1 0 207 317
1 0 63 80
1 0 295 481
1 0 207 317
1 0 63 80
1 0 552 886
1 0 26 27
1 0 207 317
4 5 552 886
1 0 552 886
75 126 38 49
1 0 428 737
1 0 501 835
1 0 264 396
1 0 552 886
1 0 295 481
1 0 788 1253
1 0 552 886
1 0 501 835
1 0 264 396
1 0 129 219
1 0 788 1253
1 0 207 317
10 13 396 602
1 0 788 1253
1 0 264 396
6 6 396 602
1 0 428 737
1 0 552 886
1 0 501 835
1 0 501 835
1 0 428 737
1 0 175 263
1 0 264 396
1 0 176 218
7 7 176 218
4 4 207 317
1 0 264 396
1 0 207 317
4 4 428 737
1 0 264 396
1 0 428 737
1 0 175 263
1 0 396 602
1 0 501 835
1 0 175 263
1 0 552 886
1 0 552 886
1 0 788 1253
1 0 245 354
1 0 207 317
1 0 264 396
1 0 552 886
1 0 501 835
1 0 788 1253
1 0 788 1253
1 0 428 737
3 3 207 317
1 0 207 317
1 0 245 354
5 5 788 1253
1 0 788 1253
4 3 63 80
5 6 428 737
1 0 501 835
1 0 501 835
1 0 295 481
1 0 129 219
1 0 396 602
1 0 552 886
1 0 501 835
1 0 788 1253
1 0 428 737
1 0 63 80
1 0 501 835
5 5 428 737
5 5 428 737
1 0 552 886
1 0 428 737
5 5 207 317
1 0 788 1253
7 8 501 835
1 0 428 737
1 0 788 1253
1 0 788 1253
1 0 295 481
5 5 63 80
1 0 295 481
3 2 788 1253
1 0 501 835
1 0 264 396
1 0 552 886
1 0 396 602
5 5 176 218
3 2 264 396
1 0 264 396
1 0 552 886
3 2 788 1253
1 0 788 1253
1 0 501 835
1 0 245 354
1 0 428 737
1 0 264 396
3 3 207 317
1 0 788 1253
1 0 788 1253
1 0 207 317
40 61 552 886
1 0 245 354
5 6 158 229
1 0 552 886
4 3 129 219
1 0 175 263
1 0 428 737
4 4 788 1253
1 0 295 481
1 0 158 229
1 0 552 886
1 0 264 396
1 0 264 396
6 8 245 354
3 2 71 149
17 20 71 149
5 5 71 149
5 5 71 149
17 20 71 149
13 15 71 149
9 10 71 149
8 8 71 149
5 5 71 149
5 5 71 149
5 5 71 149
9 10 71 149
1 0 71 149
5 5 71 149
1 0 71 149
15 18 71 149
16 19 71 149
21 27 71 149
13 15 71 149
5 5 71 149
8 11 71 149
9 10 71 149
3 2 71 149
33 45 71 149
1 0 71 149
28 36 6 1
124 168 43 36
206 276 5 2
4 4 7 5
30 39 22 25
10 12 22 25
1 0 43 36
1 0 3 0
16 20 22 25
30 39 22 25
16 20 22 25
94 124 6 1
1 0 22 25
1 0 22 25
10 12 22 25
30 39 22 25
41 54 22 25
1 0 43 36
16 20 22 25
20 26 22 25
10 12 22 25
1 0 22 25
24 33 3 0
41 54 22 25
1 0 22 25
27 34 9 6
16 20 8 5
10 12 22 25
1 0 219 337
1 0 400 640
16 20 400 640
12 14 400 640
6 7 400 640
1 0 219 337
1 0 400 640
1 0 400 640
1 0 251 322
5 5 270 438
3 3 219 337
1 0 400 640
3 2 400 640
1 0 400 640
1 0 251 322
1 0 251 322
11 14 251 322
1 0 219 337
1 0 53 58
4 4 400 640
7 8 400 640
1 0 251 322
1 0 238 360
6 6 251 322
1 0 400 640
1 0 53 58
1 0 400 640
1 0 270 438
1 0 219 337
1 0 219 337
17 21 251 322
1 0 400 640
1 0 400 640
5 5 251 322
1 0 219 337
1 0 400 640
1 0 219 337
51 76 219 337
1 0 219 337
1 0 53 58
7 7 219 337
3 2 53 58
1 0 400 640
1 0 219 337
16 18 400 640
1 0 251 322
3 2 219 337
1 0 400 640
1 0 53 58
1 0 400 640
1 0 400 640
5 6 400 640
10 12 400 640
1 0 400 640
1 0 400 640
1 0 251 322
1 0 219 337
3 3 219 337
1 0 219 337
23 33 219 337
1 0 400 640
1 0 251 322
1 0 270 438
1 0 251 322
1 0 53 58
1 0 400 640
1 0 219 337
1 0 251 322
1 0 219 337
1 0 251 322
3 2 270 438
1 0 400 640
1 0 219 337
1 0 53 58
1 0 400 640
3 2 400 640
1 0 219 337
3 3 400 640
1 0 42 39
1 0 251 322
4 4 400 640
1 0 219 337
1 0 400 640
3 3 400 640
6 7 400 640
1 0 251 322
1 0 219 337
1 0 400 640
1 0 400 640
1 0 53 58
3 2 219 337
1 0 400 640
1 0 400 640
1 0 400 640
1 0 400 640
3 2 270 438
3 2 219 337
1 0 400 640
1 0 219 337
3 2 400 640
165 237 73 107
1 0 219 337
1 0 219 337
1 0 53 58
3 2 251 322
12 14 400 640
1 0 251 322
1 0 270 438
1 0 219 337
1 0 400 640
1 0 400 640
1 0 219 337
1 0 400 640
1 0 400 640
17 22 400 640
1 0 400 640
1 0 400 640
1 0 400 640
1 0 400 640
1 0 219 337
4 5 219 337
1 0 400 640
3 2 400 640
1 0 400 640
1 0 400 640
11 12 251 322
1 0 219 337
1 0 251 322
1 0 400 640
1 0 53 58
8 8 251 322
5 5 49 46
1 0 251 322
1 0 270 438
1 0 219 337
1 0 251 322
3 2 400 640
1 0 219 337
1 0 251 322
1 0 400 640
1 0 400 640
1 0 400 640
1 0 400 640
1 0 219 337
1 0 53 58
1 0 219 337
4 4 400 640
1 0 270 438
1 0 400 640
1 0 53 58
5 5 270 438
1 0 219 337
5 6 219 337
1 0 114 133
1 0 400 640
3 2 219 337
1 0 400 640
12 14 42 39
17 21 73 107
1 0 251 322
1 0 251 322
3 3 251 322
4 4 400 640
10 11 53 58
15 19 219 337
1 0 400 640
19 23 251 322
1 0 400 640
3 2 53 58
1 0 219 337
1 0 270 438
1 0 400 640
64 88 270 438
1 0 53 58
1 0 219 337
1 0 251 322
4 3 400 640
1 0 219 337
1 0 219 337
1 0 400 640
1 0 251 322
1 0 400 640
5 6 88 90
8 8 251 322
1 0 400 640
1 0 219 337
1 0 400 640
4 3 400 640
1 0 400 640
3 2 400 640
13 16 251 322
1 0 251 322
1 0 219 337
1 0 400 640
6 7 400 640
1 0 400 640
1 0 400 640
1 0 53 58
1 0 400 640
1 0 53 58
3 2 400 640
5 5 53 58
1 0 251 322
1 0 400 640
1 0 400 640
4 4 400 640
9 10 219 337
7 8 219 337
1 0 400 640
1 0 270 438
1 0 53 58
1 0 251 322
1 0 400 640
1 0 219 337
1 0 219 337
1 0 400 640
1 0 400 640
1 0 270 438
1 0 400 640
25 36 400 640
3 3 400 640
1 0 270 438
1 0 251 322
9 11 400 640
1 0 400 640
1 0 251 322
1 0 400 640
1 0 219 337
1 0 251 322
7 8 219 337
4 3 53 58
3 3 53 58
1 0 400 640
1 0 53 58
4 4 270 438
1 0 219 337
1 0 400 640
1 0 400 640
1 0 400 640
5 5 251 322
1 0 219 337
1 0 251 322
1 0 219 337
1 0 400 640
1 0 400 640
1 0 251 322
1 0 251 322
1 0 251 322
1 0 219 337
8 8 251 322
1 0 400 640
1 0 251 322
7 9 400 640
1 0 400 640
1 0 219 337
3 2 400 640
4 4 219 337
1 0 400 640
1 0 400 640
1 0 219 337
6 7 53 58
1 0 400 640
13 16 251 322
1 0 73 107
1 0 400 640
1 0 251 322
5 5 251 322
1 0 400 640
1 0 400 640
1 0 400 640
1 0 219 337
1 0 400 640
1 0 400 640
15 15 400 640
1 0 400 640
4 4 400 640
1 0 219 337
1 0 270 438
12 14 49 46
1 0 400 640
1 0 400 640
1 0 53 58
1 0 53 58
1 0 219 337
8 10 88 90
1 0 400 640
81 119 270 438
1 0 251 322
4 3 400 640
1 0 53 58
1 0 400 640
7 8 219 337
1 0 400 640
1 0 251 322
1 0 219 337
1 0 400 640
1 0 270 438
1 0 251 322
1 0 270 438
1 0 219 337
9 12 400 640
9 12 400 640
1 0 400 640
1 0 251 322
1 0 219 337
7 8 251 322
5 5 400 640
1 0 219 337
1 0 270 438
5 5 251 322
1 0 55 51
1 0 219 337
15 15 270 438
1 0 400 640
1 0 53 58
1 0 400 640
1 0 251 322
3 2 400 640
1 0 53 58
1 0 400 640
1 0 400 640
1 0 400 640
15 18 400 640
1 0 219 337
1 0 219 337
1 0 400 640
3 2 251 322
1 0 219 337
1 0 400 640
1 0 219 337
3 2 400 640
1 0 53 58
1 0 219 337
1 0 53 58
1 0 53 58
1 0 251 322
20 28 400 640
3 2 219 337
1 0 400 640
1 0 270 438
1 0 251 322
1 0 251 322
1 0 400 640
1 0 400 640
1 0 400 640
1 0 251 322
1 0 219 337
1 0 219 337
1 0 400 640
1 0 400 640
1 0 400 640
1 0 219 337
1 0 251 322
1 0 400 640
1 0 400 640
1 0 219 337
1 0 53 58
1 0 219 337
1 0 219 337
1 0 251 322
1 0 219 337
1 0 53 58
1 0 219 337
1 0 219 337
1 0 400 640
1 0 219 337
1 0 219 337
1 0 400 640
12 14 400 640
1 0 400 640
1 0 219 337
1 0 400 640
4 4 219 337
1 0 219 337
7 8 400 640
1 0 238 360
1 0 270 438
1 0 219 337
1 0 400 640
1 0 219 337
1 0 219 337
3 2 219 337
14 18 219 337
1 0 219 337
1 0 251 322
1 0 270 438
5 5 400 640
1 0 400 640
1 0 251 322
7 7 219 337
7 8 400 640
3 2 219 337
1 0 219 337
1 0 400 640
1 0 219 337
1 0 219 337
3 2 400 640
1 0 400 640
14 18 270 438
4 4 400 640
4 4 219 337
11 10 270 438
1 0 219 337
1 0 400 640
1 0 251 322
1 0 270 438
1 0 400 640
1 0 219 337
1 0 219 337
1 0 400 640
1 0 400 640
1 0 400 640
1 0 400 640
5 5 251 322
22 29 400 640
1 0 219 337
10 9 219 337
1 0 400 640
1 0 400 640
1 0 53 58
1 0 219 337
1 0 219 337
3 2 219 337
1 0 114 133
1 0 400 640
1 0 400 640
1 0 400 640
4 4 400 640
1 0 400 640
1 0 219 337
1 0 219 337
5 6 219 337
1 0 251 322
1 0 400 640
1 0 400 640
5 5 400 640
1 0 251 322
1 0 219 337
1 0 400 640
1 0 400 640
1 0 400 640
1 0 400 640
29 36 73 107
4 4 219 337
1 0 400 640
1 0 219 337
1 0 251 322
1 0 219 337
1 0 219 337
1 0 251 322
1 0 219 337
1 0 251 322
1 0 400 640
1 0 219 337
1 0 400 640
3 3 400 640
1 0 400 640
1 0 219 337
1 0 53 58
1 0 251 322
4 3 400 640
20 24 400 640
1 0 400 640
1 0 53 58
1 0 251 322
1 0 400 640
1 0 219 337
8 8 400 640
22 27 251 322
1 0 400 640
1 0 400 640
1 0 400 640
3 3 53 58
1 0 219 337
3 2 251 322
1 0 251 322
5 5 400 640
1 0 53 58
1 0 219 337
1 0 251 322
1 0 219 337
1 0 400 640
1 0 400 640
1 0 251 322
1 0 400 640
10 12 400 640
1 0 400 640
1 0 219 337
1 0 400 640
1 0 251 322
1 0 400 640
1 0 400 640
1 0 219 337
1 0 219 337
1 0 400 640
4 4 251 322
4 4 400 640
1 0 53 58
9 12 400 640
18 22 400 640
1 0 251 322
1 0 219 337
3 2 219 337
1 0 400 640
1 0 400 640
39 49 73 107
1 0 251 322
1 0 219 337
1 0 219 337
4 4 219 337
1 0 53 58
1 0 400 640
9 10 251 322
1 0 219 337
1 0 219 337
8 9 400 640
1 0 400 640
1 0 219 337
3 2 400 640
1 0 219 337
1 0 400 640
1 0 400 640
1 0 400 640
23 29 73 107
1 0 400 640
1 0 400 640
1 0 219 337
1 0 53 58
3 2 251 322
1 0 400 640
1 0 219 337
1 0 251 322
1 0 400 640
1 0 219 337
1 0 219 337
1 0 219 337
5 6 219 337
15 15 400 640
1 0 53 58
1 0 400 640
1 0 219 337
1 0 219 337
1 0 219 337
1 0 219 337
1 0 400 640
1 0 251 322
1 0 219 337
1 0 400 640
4 4 400 640
1 0 219 337
4 4 251 322
1 0 400 640
4 4 400 640
1 0 53 58
5 5 251 322
3 2 400 640
1 0 400 640
3 2 400 640
5 5 400 640
1 0 251 322
3 2 219 337
5 5 400 640
1 0 400 640
7 8 400 640
11 12 400 640
1 0 53 58
1 0 251 322
1 0 400 640
1 0 219 337
1 0 219 337
6 7 73 143
10 12 73 143
7 8 73 143
12 16 73 143
7 8 73 143
14 18 73 143
31 42 73 143
14 17 73 143
31 42 73 143
40 53 73 143
35 45 73 143
13 16 73 143
11 14 6 3
10 13 9 6
4 4 7 4
1 0 4 1
1 0 28 25
39 52 4 1
58 81 28 25
19 26 28 25
13 16 28 25
17 22 28 25
11 14 6 3
1 0 405 680
1 0 312 540
1 0 469 539
1 0 352 664
6 7 673 1303
1 0 470 778
3 2 400 721
1 0 469 539
24 32 312 540
1 0 477 925
1 0 20 11
1 0 112 178
1 0 312 540
192 260 263 795
1 0 1000 1930
dataloader is done!
